25 
23 
55 
20 
29 
3 
61 
57 
42 
50 
70 
67 
50 
77 
97 
96 
31 
46 
34 
82 
75 
67 
66 
38 
12 
18 
78 
67 
58 
72 
43 
48 
92 
90 
68 
80 
43 
77 
10 
95 
83 
70 
54 
41 
85 
17 
6 
7 
50 
92 
84 
54 
65 
3 
10 
30 
36 
64 
75 
84 
13 
61 
84 
32 
68 
77 
36 
37 
42 
64 
75 
30 
40 
34 
29 
14 
66 
88 
27 
56 
19 
76 
51 
30 
77 
75 
48 
20 
75 
56 
82 
86 
36 
63 
75 
2 
60 
95 
4 
35 
85 
1 
71 
64 
66 
79 
33 
49 
64 
74 
53 
10 
70 
49 
88 
21 
4 
11 
100 
28 
62 
19 
39 
100 
74 
82 
53 
40 
12 
80 
91 
40 
89 
53 
16 
63 
26 
69 
37 
83 
15 
15 
40 
1 
16 
44 
85 
19 
70 
62 
58 
95 
83 
44 
3 
31 
92 
93 
62 
41 
7 
9 
21 
2 
9 
30 
16 
50 
66 
14 
46 
92 
20 
7 
80 
9 
3 
76 
9 
50 
30 
2 
14 
47 
71 
55 
25 
70 
21 
50 
98 
86 
35 
93 
70 
10 
62 
65 
80 
73 
40 
12 
90 
11 
27 
25 
9 
2 
12 
89 
85 
40 
77 
17 
39 
42 
75 
73 
78 
74 
38 
28 
60 
21 
3 
69 
74 
95 
23 
46 
68 
5 
82 
3 
7 
9 
95 
43 
10 
49 
80 
64 
99 
90 
18 
41 
2 
75 
41 
41 
28 
87 
26 
74 
58 
44 
67 
88 
34 
58 
1 
93 
87 
36 
49 
6 
61 
42 
53 
83 
28 
36 
33 
60 
18 
99 
77 
92 
3 
62 
31 
64 
37 
45 
82 
74 
22 
89 
83 
78 
93 
67 
95 
61 
19 
92 
66 
77 
58 
37 
84 
67 
51 
69 
88 
98 
18 
4 
56 
43 
38 
95 
35 
97 
25 
75 
86 
38 
81 
10 
95 
24 
68 
69 
86 
40 
30 
35 
76 
97 
4 
91 
16 
45 
7 
67 
14 
49 
28 
61 
56 
2 
86 
62 
87 
13 
26 
25 
13 
67 
78 
78 
43 
13 
38 
25 
2 
13 
33 
63 
6 
5 
42 
52 
23 
18 
91 
90 
1 
33 
38 
93 
88 
57 
77 
52 
18 
62 
82 
33 
79 
57 
66 
13 
6 
42 
47 
11 
14 
19 
83 
23 
38 
50 
45 
71 
70 
94 
100 
14 
19 
11 
27 
89 
29 
16 
73 
60 
7 
7 
32 
77 
69 
52 
86 
43 
58 
2 
71 
30 
62 
31 
38 
67 
30 
15 
32 
29 
68 
37 
46 
96 
54 
38 
84 
17 
66 
35 
87 
37 
36 
53 
60 
78 
75 
4 
19 
93 
67 
65 
26 
55 
24 
42 
96 
44 
60 
4 
99 
89 
23 
63 
25 
66 
100 
23 
67 
20 
76 
90 
70 
45 
19 
3 
63 
67 
12 
33 
40 
86 
3 
56 
61 
86 
29 
86 
38 
28 
63 
86 
66 
69 
55 
92 
73 
82 
15 
33 
23 
99 
